{"leads":20,"min_members":3,"q_accel":3.0,"q_grid":[0.003,0.01,0.03,0.1,0.3,1.0,3.0,10.0,30.0,100.0],"note":"C = lead x lead position-error covariance (km^2), pooled over <=2019 full-lead windows. weights w = clip(C^-1 1,0)/sum ; obs variance R = 1/(1' C^-1 1).","C":[1141.185,2223.693,3149.528,3973.442,4729.778,5401.476,5988.37,6493.309,6922.422,7274.266,7555.759,7789.407,7983.121,8138.11,8265.606,8365.831,8449.89,8511.147,8568.474,8630.71,2223.693,5452.42,8447.864,11121.51,13529.491,15672.71,17537.8,19134.622,20475.213,21566.815,22437.785,23140.363,23706.029,24148.145,24495.811,24763.748,24976.392,25136.556,25269.566,25405.005,3149.528,8447.864,14541.787,20141.788,25162.387,29635.313,33554.331,36920.509,39743.136,42038.735,43883.953,45369.599,46547.797,47460.493,48167.65,48701.34,49117.403,49432.467,49689.181,49918.754,3973.442,11121.51,20141.788,29623.924,38292.219,46048.429,52891.822,58829.993,63844.188,67949.374,71275.207,73976.013,76130.138,77802.145,79098.815,80083.24,80854.668,81454.14,81942.423,82362.445,4729.778,13529.491,25162.387,38292.219,51544.333,63614.852,74345.045,83745.31,91779.318,98429.058,103868.348,108322.623,111915.246,114739.71,116938.803,118628.053,119973.217,121039.405,121912.979,122648.692,5401.476,15672.71,29635.313,46048.429,63614.852,80921.55,96570.156,110403.162,122364.567,132402.919,140704.702,147568.416,153163.425,157628.997,161147.591,163880.412,166077.923,167852.483,169312.669,170535.629,5988.37,17537.8,33554.331,52891.822,74345.045,96570.156,118054.982,137361.623,154241.561,168599.021,180633.867,190686.979,198977.895,205682.562,211042.461,215267.556,218681.94,221471.597,223794.853,225741.719,6493.309,19134.622,36920.509,58829.993,83745.31,110403.162,137361.623,163064.694,185927.355,205623.099,222354.82,236509.302,248323.734,258011.217,265853.654,272131.85,277247.808,281456.847,284997.729,287997.596,6922.422,20475.213,39743.136,63844.188,91779.318,122364.567,154241.561,185927.355,215712.034,241851.569,264348.884,283631.48,299950.75,313518.515,324658.823,333699.847,341146.654,347323.862,352552.173,357024.761,7274.266,21566.815,42038.735,67949.374,98429.058,132402.919,168599.021,205623.099,241851.569,275405.33,304843.13,330396.166,352324.22,370837.166,386251.858,398950.437,409514.091,418361.138,425893.586,432368.317,7555.759,22437.785,43883.953,71275.207,103868.348,140704.702,180633.867,222354.82,264348.884,304843.13,342276.25,375353.393,404108.747,428749.806,449588.23,467003.931,481657.07,494038.532,504648.674,513808.151,7789.407,23140.363,45369.599,73976.013,108322.623,147568.416,190686.979,236509.302,283631.48,330396.166,375353.393,417077.957,453987.281,486047.061,513565.869,536928.853,556808.882,573766.905,588369.507,601035.329,7983.121,23706.029,46547.797,76130.138,111915.246,153163.425,198977.895,248323.734,299950.75,352324.22,404108.747,453987.281,500254.078,541154.793,576742.593,607413.238,633851.018,656620.053,676338.663,693496.89,8138.11,24148.145,47460.493,77802.145,114739.71,157628.997,205682.562,258011.217,313518.515,370837.166,428749.806,486047.061,541154.793,592191.034,637375.641,676847.499,711301.739,741303.241,767464.766,790337.972,8265.606,24495.811,48167.65,79098.815,116938.803,161147.591,211042.461,265853.654,324658.823,386251.858,449588.23,513565.869,576742.593,637375.641,693568.331,743499.469,787580.237,826386.783,860530.901,890576.267,8365.831,24763.748,48701.34,80083.24,118628.053,163880.412,215267.556,272131.85,333699.847,398950.437,467003.931,536928.853,607413.238,676847.499,743499.469,805440.585,860961.387,910334.46,954180.917,993088.809,8449.89,24976.392,49117.403,80854.668,119973.217,166077.923,218681.94,277247.808,341146.654,409514.091,481657.07,556808.882,633851.018,711301.739,787580.237,860961.387,929611.527,991524.3,1046972.667,1096606.293,8511.147,25136.556,49432.467,81454.14,121039.405,167852.483,221471.597,281456.847,347323.862,418361.138,494038.532,573766.905,656620.053,741303.241,826386.783,910334.46,991524.3,1067820.257,1136994.009,1199382.771,8568.474,25269.566,49689.181,81942.423,121912.979,169312.669,223794.853,284997.729,352552.173,425893.586,504648.674,588369.507,676338.663,767464.766,860530.901,954180.917,1046972.667,1136994.009,1221876.297,1299319.385,8630.71,25405.005,49918.754,82362.445,122648.692,170535.629,225741.719,287997.596,357024.761,432368.317,513808.151,601035.329,693496.89,790337.972,890576.267,993088.809,1096606.293,1199382.771,1299319.385,1394060.641]}