{"leads":20,"min_members":3,"q_accel":3.0,"q_grid":[0.003,0.01,0.03,0.1,0.3,1.0,3.0,10.0,30.0,100.0],"note":"C = lead x lead position-error covariance (km^2), pooled over <=2019 full-lead windows. weights w = clip(C^-1 1,0)/sum ; obs variance R = 1/(1' C^-1 1).","C":[1181.717,2286.684,3230.493,4081.312,4884.914,5616.481,6268.903,6842.93,7340.959,7762.549,8115.043,8422.142,8692.404,8924.994,9130.069,9313.184,9487.524,9643.229,9799.721,9964.63,2286.684,5550.485,8571.187,11286.529,13767.617,16008.94,17988.428,19713.362,21193.698,22437.053,23465.189,24327.4,25059.157,25674.148,26197.917,26655.063,27072.722,27444.863,27797.338,28154.772,3230.493,8571.187,14690.958,20340.054,25446.203,30040.749,34111.077,37657.28,40694.623,43239.483,45345.558,47090.698,48535.084,49727.142,50720.777,51562.083,52307.751,52958.056,53556.102,54123.553,4081.312,11286.529,20340.054,29882.041,38651.248,46555.102,53589.618,59762.867,65074.091,69540.386,73247.613,76320.17,78847.067,80906.783,82599.548,84006.811,85224.869,86270.149,87206.578,88066.562,4884.914,13767.617,25446.203,38651.248,52045.468,64321.51,75311.795,85028.784,93465.349,100613.183,106585.254,111553.865,115652.46,118990.686,121708.19,123947.848,125867.195,127499.237,128937.498,130227.371,5616.481,16008.94,30040.749,46555.102,64321.51,81920.047,97929.774,112189.842,124683.67,135380.269,144389.901,151932.971,158183.376,163296.849,167460.502,170877.555,173786.054,176257.516,178411.266,180318.64,6268.903,17988.428,34111.077,53589.618,75311.795,97929.774,119897.97,139763.086,157323.603,172516.674,185455.281,196372.084,205480.656,212969.218,219097.594,224138.18,228399.487,232018.593,235165.601,237928.233,6842.93,19713.362,37657.28,59762.867,85028.784,112189.842,139763.086,166167.159,189870.992,210593.263,228442.202,243660.108,256465.205,267076.193,275811.813,283040.071,289142.796,294317.705,298812.97,302758.762,7340.959,21193.698,40694.623,65074.091,93465.349,124683.67,157323.603,189870.992,220668.156,248033.636,271876.017,292439.28,309938.303,324579.616,336746.491,346880.45,355461.457,362748.25,369064.897,374613.63,7762.549,22437.053,43239.483,69540.386,100613.183,135380.269,172516.674,210593.263,248033.636,283013.332,314014.2,341060.801,364356.248,384090.004,400660.502,414588.469,426426.577,436520.986,445273.681,452959.487,8115.043,23465.189,45345.558,73247.613,106585.254,144389.901,185455.281,228442.202,271876.017,314014.2,353222.441,388000.199,418307.505,444311.514,466424.953,485189.373,501236.587,514979.263,526921.074,537414.766,8422.142,24327.4,47090.698,76320.17,111553.865,151932.971,196372.084,243660.108,292439.28,341060.801,388000.199,431632.733,470285.089,503857.174,532771.57,557596.174,578978.663,597397.859,613431.039,627547.976,8692.404,25059.157,48535.084,78847.067,115652.46,158183.376,205480.656,256465.205,309938.303,364356.248,418307.505,470285.089,518479.108,561040.053,598138.908,630372.182,658404.049,682717.009,703951.906,722673.843,8924.994,25674.148,49727.142,80906.783,118990.686,163296.849,212969.218,267076.193,324579.616,384090.004,444311.514,503857.174,561040.053,613862.102,660655.465,701767.425,737878.223,769474.799,797206.253,821726.438,9130.069,26197.917,50720.777,82599.548,121708.19,167460.502,219097.594,275811.813,336746.491,400660.502,466424.953,532771.57,598138.908,660655.465,718536.858,770166.214,815942.799,856367.127,892099.532,923835.257,9313.184,26655.063,51562.083,84006.811,123947.848,170877.555,224138.18,283040.071,346880.45,414588.469,485189.373,557596.174,630372.182,701767.425,770166.214,833839.21,891067.4,942050.219,987468.875,1028072.375,9487.524,27072.722,52307.751,85224.869,125867.195,173786.054,228399.487,289142.796,355461.457,426426.577,501236.587,578978.663,658404.049,737878.223,815942.799,891067.4,961408.055,1024887.41,1081851.836,1133142.89,9643.229,27444.863,52958.056,86270.149,127499.237,176257.516,232018.593,294317.705,362748.25,436520.986,514979.263,597397.859,682717.009,769474.799,856367.127,942050.219,1024887.41,1102670.58,1173259.54,1237218.0,9799.721,27797.338,53556.102,87206.578,128937.498,178411.266,235165.601,298812.97,369064.897,445273.681,526921.074,613431.039,703951.906,797206.253,892099.532,987468.875,1081851.836,1173259.54,1259425.564,1338315.444,9964.63,28154.772,54123.553,88066.562,130227.371,180318.64,237928.233,302758.762,374613.63,452959.487,537414.766,627547.976,722673.843,821726.438,923835.257,1028072.375,1133142.89,1237218.0,1338315.444,1434388.63]}